0.496977 20
0.021820 48
135.001924 1
0.192020 1
0.092983 1
0.172992 1
0.531005 1
0.240999 1
0.148005 1
0.659995 1
5.203002 1
1.256002 1
0.172007 1
0.097985 1
0.123013 1
0.644996 1
1.038993 1
0.094008 1
0.142011 1
0.168028 1
0.560956 1
1.082996 1
0.571009 1
0.235998 1
2.452002 1
0.891013 1
0.142986 1
0.210990 1
0.242016 1
0.265994 1
4.386002 2
0.002024 111
2.434977 1
0.535997 1
0.260994 1
0.118000 1
0.285996 1
0.290015 1
0.162992 1
0.516999 1
1.009003 1
0.142996 1
0.216001 1
0.291125 1
0.250870 1
0.340009 2
0.002038 60
3.502979 1
0.133000 1
0.220984 1
0.112996 1
0.261005 1
0.251003 1
0.551998 1
0.269992 1
0.143008 1
0.202012 1
0.191986 1
0.251003 1
0.429022 2
0.002015 35
0.001986 14
16.432973 2
0.002027 21
11.448965 2
0.004030 117
17.240975 1
0.112997 1
0.058993 1
0.212015 1
1.304010 1
0.127992 1
0.162992 1
1.786997 1
0.083999 1
0.157025 1
0.152978 1
0.216001 1
0.153011 2
0.002013 112
15.372005 1
0.162965 1
0.157007 1
0.364011 1
0.231988 1
0.256021 2
0.002024 229
18.965957 1
0.202013 1
0.112986 1
0.716003 1
0.981993 1
0.183011 1
0.113000 1
0.151987 1
0.591000 107
110.938010 1
0.079004 1
0.250991 1
0.527007 1
0.240995 1
0.227006 1
0.097993 1
0.148006 1
0.211009 1
0.206979 1
0.187020 2
0.002032 70
2.395961 1
0.113000 1
0.531995 2
0.002231 49
1.168766 1
0.227006 1
0.064000 1
0.226040 1
0.260956 70
2.644008 1
0.231030 1
0.245996 1
0.211958 1
0.093006 70
62.911006 1
0.103003 1
0.092993 1
0.104021 1
1.274974 1
0.281002 1
0.128014 1
0.378993 1
1.329038 1
0.333980 1
0.142983 1
0.227013 1
2.460989 1
0.176992 1
0.256003 1
0.266158 1
0.413838 2
0.002025 60
9.212988 1
0.142994 1
0.304999 1
0.078994 1
0.158020 1
0.802012 1
7.246974 4
0.176991 4
0.158008 4
0.172018 4
0.156973 4
0.158035 4
0.142996 1
49.420981 1
0.162010 1
0.270982 1
0.143002 1
0.276003 1
0.275007 1
0.856987 1
22.035009 4
0.162012 4
0.157998 4
0.142985 4
0.141997 4
0.138014 4
0.142987 4
0.660002 1
0.133007 1
0.373993 1
0.004989 1
0.585008 4
0.148001 4
0.517009 1
0.083988 1
0.147004 1
0.404017 1
1.274978 1
0.630022 1
0.349999 1
0.723991 4
0.146992 4
1.556002 1
0.212003 1
0.077995 1
0.128001 1
0.649010 1
0.345992 1
0.097995 1
0.123003 1
0.137999 1
0.547001 1
15.266005 4
0.507008 4
0.028983 4
0.030000 4
0.034002 4
0.030012 4
0.033992 4
0.029992 4
0.033997 4
0.030005 4
0.034002 4
0.039996 4
0.023996 4
0.901012 1
0.556012 1
1.422988 1
0.176998 1
0.084046 1
0.102960 1
0.542004 1
1.200992 1
0.078996 1
0.143022 1
0.122974 1
0.458017 1
1.367989 1
0.290000 1
0.265999 1
0.680013 1
1.205983 1
0.128003 1
0.187008 1
0.260995 1
0.359014 1
0.452983 94
2.195997 1
0.133003 1
0.256024 1
0.073992 1
0.220991 1
0.221994 1
0.556001 1
0.294993 1
0.187007 1
0.068995 1
0.123002 1
0.414004 1
0.348991 1
0.094000 1
0.113018 1
0.167982 1
0.393007 1
0.665009 1
0.255994 1
0.206996 1
0.526002 1
0.360045 1
0.112958 1
0.162998 1
0.231028 1
0.235970 1
0.945002 2
0.002025 142
10.808981 1
0.192029 1
0.162982 1
1.239978 4
0.182001 4
0.138032 4
8.969978 1
0.123010 1
0.274984 1
0.098997 1
0.172008 1
0.137991 1
0.542018 1
0.639986 4
0.850992 1
0.222015 1
0.177007 1
0.068999 1
0.122988 1
0.256006 2
0.002029 60
1.321968 1
0.158002 1
0.097994 1
0.187003 1
0.173004 1
0.073991 1
0.092999 1
0.217003 106
3.410998 1
0.113000 1
0.109009 1
0.186992 1
0.207001 1
0.211015 2
0.002008 229
73.005003 1
0.152985 1
0.368994 1
0.083994 1
0.118004 1
0.166987 1
0.616014 1
0.210998 1
0.117994 1
0.134003 1
0.255998 2
0.002020 60
2.753984 1
0.068990 1
0.168009 1
0.102994 69
0.694010 1
0.104000 1
0.062999 1
0.177996 1
0.157004 1
0.088994 1
0.236042 2
0.001987 816
3.852978 1
0.177005 1
0.102993 1
0.137997 1
0.173004 1
0.067996 1
0.128005 1
0.221994 70
1.659006 1
0.576017 1
0.240990 1
0.053986 1
0.148008 1
0.128018 1
11.243995 1
0.083993 1
0.132994 1
0.241006 1
0.344981 2
0.002038 68
1.011962 1
0.172010 1
0.048998 1
0.094000 1
0.098001 1
0.113003 1
0.122999 1
0.103988 75
0.889012 1
0.135011 1
0.127994 1
0.118019 1
0.088971 1
0.187026 1
1.088004 1
0.269986 1
0.167990 1
0.230999 2
0.002023 73
5.073990 1
0.157006 1
0.117974 1
0.320011 1
0.452991 1
0.207014 1
0.235986 78
3.485998 1
0.192029 1
1.077980 1
0.064013 1
0.156996 1
0.182986 1
0.197009 1
0.064001 1
0.195999 1
0.191989 1
0.227000 1
0.541000 2
0.002056 76
1.538945 1
0.059010 1
0.172990 1
0.082990 99
20.677020 1
0.191998 1
0.886007 1
0.092978 1
0.138005 1
0.507000 1
0.339999 1
0.309998 1
0.148012 1
0.192016 1
0.334978 1
0.172008 1
0.184004 1
0.238988 1
2.495997 2
0.002029 76
1.804987 1
0.078995 1
0.161990 1
0.093994 99
0.531007 1
0.123005 1
0.050013 1
0.195979 1
0.158006 1
0.083993 1
0.201998 2
0.002029 253
0.001067 76
4.535939 1
0.097965 1
0.576015 1
1.446989 1
0.296014 1
0.200999 1
0.221987 1
1.585001 1
0.196998 1
0.609997 1
0.252014 1
2.786007 4
0.176987 4
0.158016 4
0.162005 4
0.147978 4
0.143026 4
0.161996 4
0.137984 4
0.148163 4
0.560839 1
0.274991 1
0.385003 1
0.442994 1
0.443011 1
0.152016 1
0.216979 1
0.871016 1
0.176986 1
0.188039 1
0.220976 1
0.152969 2
0.002039 76
2.281979 1
0.138028 1
0.708965 1
0.142018 1
0.211986 1
0.202000 1
0.094001 2
0.002017 38
0.001049 58
7.178951 2
0.002019 117
87.148958 1
0.068002 1
0.252000 1
0.156999 1
0.930002 4
0.631012 1
0.663991 4
0.158031 4
0.530970 1
0.201993 1
0.143011 1
0.236004 1
0.261016 1
0.221975 1
0.176998 1
1.369013 1
0.358992 1
0.161992 1
2.034016 1
0.299989 1
0.315019 1
1.737975 1
0.122998 1
0.340000 2
0.002021 95
3.817990 1
0.196986 1
0.049033 1
0.127975 1
0.083991 86
51.252031 1
0.063992 1
0.132983 1
0.158027 1
0.200979 1
0.212000 2
0.002030 245
10.557972 1
0.220991 1
0.168019 1
4.819005 4
0.182972 4
0.103028 4
0.530940 1
0.114040 1
0.059002 1
0.166999 1
0.172017 1
0.108975 1
0.207007 2
0.002006 329
2.627002 1
0.195987 1
0.099030 1
0.555974 1
0.143011 1
0.162006 75
0.964986 1
0.211998 1
0.098003 1
0.649998 1
0.137994 1
0.143005 1
0.202029 1
0.156980 1
0.227003 62
1.096991 1
0.063990 1
0.173012 1
0.063989 69
0.998997 1
0.153017 1
0.142007 1
0.201995 1
0.172995 1
0.077947 1
0.222054 2
0.002028 816
84.194969 1
0.192002 1
0.095000 1
0.466002 1
0.157004 1
0.118992 1
0.279996 1
0.142998 67
4.928003 1
0.103004 1
0.068987 1
0.112998 1
0.158005 1
0.566008 1
0.112996 1
0.187001 1
0.137994 1
0.192005 1
0.186999 1
0.118000 2
0.002214 1194
1.563810 36
3.223974 1
0.542002 1
0.353998 1
1.034021 1
0.107983 1
0.257025 1
0.614997 1
0.112994 1
0.427983 35
0.645002 1
0.709004 391
5.508989 21
2.087005 1
0.497013 1
0.157986 1
0.669998 1
0.092998 1
0.143131 1
0.511871 1
0.251002 1
0.394019 1
0.186986 112
2.638998 21
0.684002 1
0.556001 1
0.192004 1
1.044011 1
0.683985 1
0.217004 1
0.274991 1
0.260998 1
0.340017 241
3.347998 21
0.349002 1
0.462987 1
0.651995 116
0.849014 1
0.177982 1
0.113005 1
0.428018 1
0.299976 1
0.123009 1
0.158001 1
0.112994 1
0.251005 69
1.816999 1
0.103003 1
0.038991 1
0.212016 1
0.167991 1
0.072997 1
0.212007 2
0.002021 1078
27.029977 1
0.038990 1
0.109013 1
0.171997 1
0.103002 1
0.547000 4
0.152006 4
0.152998 4
0.157022 4
0.162998 4
0.127974 1
0.852011 1
0.063983 1
0.270000 1
0.168000 1
0.087996 1
0.886010 1
10.157018 1
0.461984 1
0.246024 1
1.875965 1
0.097010 1
0.227998 1
0.176995 1
2.939000 4
1.772001 1
0.168003 1
0.974001 1
0.788002 1
0.224999 1
0.089993 1
0.094018 1
1.727995 1
3.126000 1
1.874994 1
0.458005 1
0.241004 1
0.478997 1
0.157017 1
0.392969 1
0.606028 1
0.309977 1
11.164995 2
0.002060 67
1.194969 1
0.117986 1
0.043987 1
0.182011 1
0.171990 1
0.079000 1
0.256019 2
0.002031 1078
9.617950 1
0.182008 1
0.128001 1
0.747986 1
0.989999 1
0.152022 1
0.432994 1
0.114003 1
0.230989 1
0.294994 1
0.153010 1
0.260999 82
0.516995 1
0.128003 1
0.023983 1
0.217023 1
0.158012 1
0.082981 1
0.217011 2
0.002018 401
8.479993 1
0.078990 1
0.107992 1
0.177000 1
0.088984 1
7.670019 1
7.132989 1
1.024003 1
0.231999 1
2.161009 1
0.097995 1
0.433000 1
2.520997 4
0.157004 4
2.521017 1
0.176973 1
0.340005 1
0.141988 1
0.350014 1
0.296036 1
0.580971 1
1.649014 1
0.639987 1
0.589999 4
0.488018 1
0.156985 1
0.093986 1
0.098018 1
1.142010 1
2.353988 1
1.308942 1
0.773070 2
0.002017 133
8.622979 1
0.078985 1
0.146995 1
0.163005 1
0.117997 1
0.447998 1
0.231018 1
0.447977 1
1.600010 1
0.432993 1
0.421994 1
0.243009 1
0.763022 1
0.122973 1
0.276004 1
0.901006 1
0.236010 1
0.851999 1
0.472008 1
0.147969 1
0.138004 1
0.054009 1
0.821991 1
0.266004 1
1.004006 1
0.826991 1
0.153005 1
0.319996 1
0.166998 1
1.000003 1
0.482005 1
0.226998 1
2.377990 4
0.521019 1
0.427987 1
0.286003 1
0.147999 1
0.369000 1
4.420999 4
0.507000 4
0.024999 4
0.033999 4
0.034006 4
0.029993 4
0.034006 4
0.029995 4
0.033998 4
0.035000 4
0.028994 4
0.035005 4
0.029020 4
0.034991 4
0.029001 4
0.034990 4
0.028992 4
0.040006 4
0.024007 4
0.034999 4
0.034015 4
0.029977 4
0.033992 4
0.030005 4
0.034002 4
0.030007 4
0.033990 4
0.217011 4
0.157000 4
0.168012 4
4.498989 1
0.123014 1
4.658000 4
0.428024 1
0.309966 1
0.551003 1
0.104009 1
0.231001 1
0.285977 1
0.580024 1
1.404001 1
0.442991 1
0.131987 1
0.079007 1
0.117995 1
0.567003 1
0.305023 1
1.879971 1
0.389001 1
0.117995 1
0.310007 1
0.148003 1
1.285010 4
0.143015 4
0.555967 1
0.113023 1
1.457997 1
0.746984 1
0.182998 1
0.340000 1
0.166997 1
0.153006 1
0.407997 1
1.236009 2
0.002018 119
4.713989 1
0.225982 1
0.148004 62
0.808004 1
0.776994 4
0.419021 1
0.102976 1
0.257005 1
0.225995 1
0.211008 1
0.975018 1
0.275993 1
0.122992 1
0.673996 1
0.108999 1
0.205998 1
0.483004 1
0.143011 1
0.639988 2
0.002026 76
3.014973 1
0.078998 1
0.182002 1
0.079001 86
1.078004 1
0.107994 1
0.060005 1
0.177003 1
0.166993 1
0.074000 1
0.216995 2
0.002034 139
0.001042 250
2.718940 1
0.053989 1
0.102999 1
0.153020 1
0.093981 1
0.812000 1
1.290011 1
0.245987 1
0.128000 1
1.167002 1
0.098004 1
0.211997 1
0.536008 1
0.163011 1
1.794981 1
0.404993 1
0.094000 1
0.084003 1
0.108001 1
0.329996 1
0.349004 1
0.512001 1
0.310003 1
0.119011 1
0.461987 1
0.163001 1
1.028998 1
1.117008 4
0.137975 4
0.581020 4
0.797019 1
0.117981 1
0.946008 1
0.506998 1
0.181994 1
0.246002 1
0.206996 1
0.133007 1
0.591017 1
0.274982 2
0.002024 138
8.854976 1
0.215994 1
0.093994 1
0.162008 1
0.078998 70
8.044002 1
0.069003 1
0.187006 1
0.073997 69
1.191001 1
0.245981 1
0.138014 1
0.556015 1
0.330003 1
0.108981 1
0.127999 1
0.107994 1
0.143019 69
1.196009 1
0.132979 1
0.148005 2
0.002030 326
1.577968 1
0.211002 1
0.113991 1
0.339001 1
0.759183 1
0.195818 1
0.375005 1
0.141999 1
0.265994 1
0.281000 1
0.137994 1
0.546009 82
0.516997 1
0.113004 1
0.128000 1
0.152996 1
0.177003 1
0.089011 1
0.230992 2
0.002018 171
3.940978 1
0.058996 1
0.088997 1
0.153011 1
0.103000 1
2.117000 1
5.316995 1
1.782001 1
0.177005 1
0.353992 1
0.079000 1
0.236994 1
0.314007 1
0.119001 1
1.029008 1
0.393003 1
0.108991 1
0.083004 1
0.114011 1
0.383993 1
0.310008 1
0.718975 1
0.984010 1
0.133046 1
0.693958 1
1.315012 1
0.840978 1
1.458005 1
0.200997 1
0.251000 1
0.256015 1
0.133002 1
0.492987 1
0.348996 2
0.002025 119
10.754975 1
0.063994 1
0.088009 1
0.162991 1
0.093009 1
0.260997 1
0.286017 1
0.732986 1
0.202000 1
0.483007 1
0.102987 1
0.389010 1
0.477987 1
0.132005 1
1.010005 1
5.803999 4
5.281997 1
0.453001 1
0.128017 1
0.122995 1
0.079037 1
0.324975 1
0.378972 1
0.354027 1
0.403979 1
0.138024 1
0.555979 1
0.718993 1
0.723011 1
0.631010 1
0.181989 1
0.235992 1
0.280999 1
0.136974 1
0.389028 1
0.389001 2
0.002022 80
1.135970 1
0.073004 1
0.079005 1
0.166991 1
0.094001 1
0.610997 1
0.349017 1
0.373991 1
0.212021 1
0.575987 1
0.107986 1
0.295010 1
0.231998 1
0.182009 1
0.762999 1
0.379004 1
0.118016 1
0.088963 1
0.118015 1
0.624994 1
1.118019 1
0.437977 1
4.160000 1
0.167008 1
0.240995 1
0.260997 1
1.374008 1
0.491994 1
0.394016 1
0.058985 1
0.349007 1
0.088988 1
0.124017 1
0.180994 1
0.709013 2
0.002025 119
9.809952 1
0.053995 1
0.088007 1
0.173000 1
0.118047 1
0.447968 1
0.270986 1
0.093006 1
0.565991 1
0.739018 4
0.137979 4
0.910017 1
0.212015 1
0.733980 1
0.103015 1
0.280992 1
0.240995 1
0.330040 1
0.722959 1
1.176997 4
1.162012 1
0.413007 1
0.103979 1
0.103026 1
0.097972 1
0.365024 1
0.196980 1
0.240997 1
0.452997 1
0.192015 1
0.428005 1
0.240977 1
0.694005 1
0.507004 1
0.236993 1
0.113022 1
0.723988 1
0.379010 1
0.171999 1
0.624983 1
0.448001 2
0.002023 80
0.997993 1
0.078000 1
0.099010 1
0.137994 1
0.098005 1
0.851975 1
0.285016 1
0.280990 1
0.151991 1
1.020009 1
0.118005 1
0.256013 1
0.265978 1
0.152007 1
0.792993 1
0.521993 1
0.118010 1
0.093011 1
0.132988 1
0.314991 1
0.300014 1
0.384001 1
0.611007 1
6.527978 1
0.211002 1
0.256003 1
0.379001 1
0.364997 1
0.709005 2
0.002025 119
3.743968 1
0.069023 1
0.107999 1
0.206978 1
0.094026 1
0.225983 1
0.181996 1
0.635000 1
0.182023 1
0.364980 1
0.097999 1
0.250995 1
0.424002 1
0.152059 1
0.861948 1
0.748020 1
0.127993 1
0.083979 1
0.082999 1
0.286009 1
0.615003 1
0.314994 1
0.463019 1
0.122974 1
0.291008 1
0.432998 1
0.492000 1
0.349990 1
0.261006 2
0.002028 80
1.562980 1
0.133000 1
0.068997 1
0.187008 1
0.152996 1
0.082991 1
0.241020 2
0.002016 463
21.324984 1
0.112981 1
0.197002 1
3.283998 4
0.182013 4
0.151986 4
23.468040 1
0.230969 1
0.747992 62
1.082999 1
0.099000 1
0.220997 1
0.093999 69
0.852002 1
0.103005 1
0.103045 1
0.162974 1
0.171980 1
0.291019 2
0.002029 284
0.735951 1
0.107999 1
0.074013 1
0.191996 1
0.166996 1
0.119017 1
0.171986 2
0.002022 816
2.887980 1
0.202015 1
0.087975 1
0.138000 1
