0.870629 68
0.566470 1
0.097064 1
0.093941 1
0.096989 1
0.174996 2
0.002021 61
0.733986 1
0.055084 1
0.111915 1
0.034981 1
0.206016 1
0.109002 1
0.101071 1
0.063929 1
0.125001 1
0.252007 78
0.565034 1
0.087958 1
0.077000 2
0.002017 156
1.472974 1
0.060012 1
0.068993 1
0.114042 1
0.145982 1
0.058973 1
0.136010 1
0.116998 1
0.172996 1
0.160021 1
0.065024 1
0.265958 1
0.098002 1
0.086002 1
0.553999 4
0.125001 4
0.184997 4
0.182998 4
0.840010 1
0.173990 1
0.118993 1
0.114008 1
0.140993 1
0.088095 1
0.110908 5
0.565003 2
0.002021 201
2.412982 1
0.100014 1
0.099986 2
0.002015 156
1.539992 1
0.148088 1
0.066896 1
0.138005 1
0.101008 9
0.172002 80
0.248001 1
0.092999 1
0.097001 2
0.002015 145
1.782977 1
0.150004 1
0.435989 1
0.194999 14
0.663006 2
0.002020 239
0.159016 81
0.062998 270
0.013988 293
0.333997 106
0.273001 117
0.002984 45
0.013001 87
0.002000 12
0.027001 40
0.063037 18
0.042992 109
0.001031 211
0.036970 319
0.222049 33
0.000991 563
0.004118 814
0.000863 906
0.000982 286
0.000997 491
0.000994 625
0.001006 425
0.001002 410
0.000994 294
0.000997 456
0.001052 474
0.000969 477
0.000969 783
0.001002 873
0.001129 342
0.001395 137
0.003464 45
0.013024 87
0.002964 12
0.030057 40
0.075981 127
0.035963 219
0.036034 122
0.030014 130
0.001218 811
0.004323 573
0.000792 331
0.000670 280
0.000991 674
0.033981 41
0.007976 83
0.529023 1
0.130998 3
0.011001 3
0.001053 1
0.002926 3
0.001087 4
0.001004 3
0.000953 3
0.000996 4
0.001000 2
0.001001 4
0.000998 3
0.000988 4
0.000999 3
0.001000 4
0.001000 4
0.000999 2
0.001001 4
0.001003 3
0.000998 4
0.001005 3
0.000996 3
0.000999 4
0.000999 1
0.001003 1
0.001970 4
0.001051 4
0.000974 4
0.001046 4
0.001005 3
0.000950 4
0.001000 4
0.001011 4
0.001050 3
0.000939 4
0.001025 4
0.001032 4
0.001028 4
0.000984 3
0.000932 3
0.001001 4
0.000998 4
0.001001 4
0.001072 1
0.000931 1
0.001969 1
0.020012 2
0.001036 1
0.001953 1
0.006001 1
0.005999 2
0.001038 2
0.001969 1
0.001023 1
0.001968 1
0.006999 1
0.001046 2
0.004955 1
0.002003 1
0.002002 1
0.001995 1
0.002003 1
0.001998 1
0.001044 1
0.003960 1
0.001042 1
0.001970 1
0.001070 1
0.000991 1
0.001938 1
0.014999 1
0.003988 1
0.002001 1
0.001031 2
0.000998 2
0.001968 1
0.001032 2
0.000999 2
0.001970 1
0.001029 2
0.001001 1
0.000999 2
0.001975 2
0.012001 2
0.001121 2
0.005872 1
0.001044 1
0.000988 1
0.002967 1
0.003003 1
0.001996 2
0.001035 1
0.000999 1
0.006971 3
0.001044 1
0.004960 1
0.001995 1
0.006001 1
0.001043 2
0.012960 1
0.001043 2
0.039975 1
0.002979 7
0.013044 17
0.061975 1
0.074014 2
0.011970 4
0.001079 3
0.000960 3
0.001016 4
0.001028 3
0.000952 2
0.001001 4
0.000999 3
0.001002 4
0.001000 3
0.000998 4
0.001037 3
0.000966 4
0.001023 2
0.000974 3
0.001001 4
0.001041 3
0.000978 3
0.000969 2
0.001000 3
0.000999 3
0.001003 3
0.000996 3
0.000999 3
0.001002 3
0.001000 4
0.000998 3
0.001066 3
0.000936 3
0.001000 4
0.001001 3
0.001000 3
0.000999 3
0.001002 1
0.001023 4
0.004006 2
0.000970 4
0.000998 4
0.001040 4
0.001018 4
0.000982 3
0.000958 4
0.001001 4
0.000997 4
0.001035 4
0.000992 4
0.001054 2
0.000922 4
0.000999 3
0.001000 3
0.001000 4
0.001003 4
0.000996 3
0.001002 3
0.001001 4
0.001047 3
0.000952 4
0.001002 4
0.000995 4
0.001002 3
0.000999 4
0.001059 3
0.000942 4
0.001000 2
0.001003 1
0.003028 2
0.001009 2
0.001934 1
0.004007 1
0.001054 2
0.002023 1
0.000969 2
0.001947 1
0.001046 1
0.000987 1
0.001000 1
0.001006 1
0.004965 1
0.001999 1
0.002000 1
0.002020 1
0.001976 1
0.009005 1
0.001044 2
0.002983 1
0.001973 1
0.004998 1
0.005015 1
0.001031 2
0.000994 1
0.001003 1
0.001003 1
0.004962 1
0.014015 1
0.004980 1
0.016022 1
0.004999 2
0.001038 1
0.003949 1
0.004999 1
0.005000 1
0.004991 1
0.001999 1
0.008011 1
0.004996 1
0.008003 1
0.001990 1
0.002000 1
0.010040 1
0.001960 1
0.001043 1
0.002957 1
0.003000 1
0.003000 1
0.002000 1
0.001044 1
0.013961 1
0.013007 1
0.002988 2
0.003002 1
0.001044 1
0.001955 1
0.001044 3
0.001954 1
0.001045 3
0.000987 1
0.000997 2
0.001051 1
0.000971 1
0.027972 1
0.005989 2
0.001116 1
0.001875 1
0.001043 1
0.001956 3
0.002046 1
0.002953 1
0.001050 1
0.001952 1
0.001998 2
0.001045 3
0.001001 1
0.006955 1
0.001999 1
0.001998 2
0.001108 2
0.002894 1
0.001030 2
0.010968 1
0.005002 7
0.012040 127
0.023982 1743
2.108155 89
0.023846 4095
5.456040 49
0.000019 112
0.175025 17
0.167918 45
0.022973 346
0.001055 54
0.000988 54
0.009979 54
0.001980 19
0.001999 154
0.001049 161
0.000992 160
0.001961 285
0.001043 191
0.000983 242
0.001006 130
0.000998 87
0.013996 100
0.001978 477
0.001349 79
0.210670 413
0.001093 40
0.000934 71
0.122973 73
1.531005 73
0.094086 73
0.060920 73
0.062996 73
0.068001 73
0.069441 73
0.063561 73
0.106995 73
0.070101 73
0.058909 73
0.114997 73
0.064999 76
0.119991 82
0.095995 82
0.150010 82
0.078009 82
0.115986 82
0.079998 82
0.074000 82
0.079996 82
0.076993 82
0.130477 82
0.113541 82
0.082001 82
0.076001 55
0.458001 65
0.047987 78
0.014000 87
0.063005 100
0.014994 90
0.065012 103
0.013969 83
0.061013 96
0.013986 90
0.059005 103
0.013992 95
0.061011 108
0.013994 37
0.013059 84
0.045939 97
0.012999 159
0.498022 77
0.057988 81
0.015993 77
0.059031 81
0.015985 58
0.042986 59
0.003993 16
0.029260 9
0.103789 2
0.001063 16
0.001088 11
0.008843 48
5.009985 123
0.054010 84
0.016969 123
0.053010 84
0.014997 105
0.001037 58
0.030955 59
0.003994 16
0.028025 9
0.103253 2
0.000933 16
0.001040 11
0.008759 48
5.011114 1823
0.029912 105
0.052998 109
0.100004 107
0.120011 105
0.049972 58
0.027985 59
0.003994 16
0.028029 11
0.104230 16
0.001079 11
0.008674 48
5.010016 111
0.048002 79
0.017979 107
0.048016 105
0.076002 53
0.046005 69
0.052013 81
0.050987 94
0.013994 56
0.351022 133
0.009129 60
0.042841 105
0.006998 61
0.056012 81
0.054010 94
0.013974 50
0.742023 112
0.005985 133
0.012122 68
0.053910 78
0.061982 198
0.004989 68
0.046016 81
0.013982 31
0.015996 81
0.046010 94
0.014000 56
0.344019 85
0.010107 78
0.043873 91
0.013979 48
0.037019 94
0.047009 107
0.014022 138
0.029076 68
0.048905 81
0.016989 31
0.018184 52
0.005807 62
0.034027 58
0.006982 48
1.339006 111
0.047995 105
0.036008 62
0.025997 58
0.003973 48
0.196023 110
0.043003 105
0.009978 62
0.025999 58
0.003994 48
0.196029 119
0.041999 105
0.008974 62
0.053023 62
0.063019 97
0.050991 110
0.015989 64
0.027152 87
0.000028 97
0.049828 110
0.015011 199
0.016107 111
0.043883 124
0.013998 85
0.016101 110
0.043899 90
0.011999 148
0.016000 105
0.003993 85
0.045009 98
0.015009 72
0.079013 76
0.016965 48
0.005986 118
0.043028 86
0.012999 144
0.015991 105
0.001977 90
0.046025 103
0.018998 196
0.025125 60
0.057882 123
0.008991 4095
0.072130 3841
0.000028 4095
0.000874 1281
0.000088 754
0.002870 396
0.037304 433
0.188720 101
0.001076 417
0.102916 450
0.001066 150
0.000956 76
0.046984 82
0.091001 82
0.135995 82
0.076004 82
0.113006 82
0.090998 82
0.078991 82
0.077991 82
0.075014 82
0.085994 82
0.119002 82
0.078000 82
0.071998 60
0.464006 78
44.278002 1
0.083967 1
0.127018 2
0.002016 145
1.049974 1
0.116187 1
0.038831 1
0.202987 1
0.354995 1
0.104095 1
0.083901 1
0.081999 1
0.179996 1
0.143008 1
0.094995 1
0.130003 1
1.249994 1
0.122003 1
0.079091 5
0.522912 2
0.002021 270
2.735975 1
0.086995 1
0.120004 1
0.075987 1
0.144017 1
0.099985 1
0.046004 1
0.135032 1
0.179977 1
0.275019 1
0.174979 1
0.169007 1
0.749999 1
0.382078 1
0.113924 1
0.199067 1
0.071929 5
1.383995 1
0.169098 1
0.177910 31
1.062024 1
0.114968 1
0.241008 1
0.170106 1
0.048889 1
1.486015 4
0.153982 4
1.101007 1
0.190002 1
0.704001 1
0.096128 1
0.099868 1
0.729020 1
0.759980 1
0.180999 1
0.095000 1
0.954997 1
0.134005 1
0.095997 1
0.085004 1
0.215997 1
0.138994 1
0.086030 1
0.627981 1
0.172005 1
0.364991 2
0.002014 1630
0.046039 2890
0.001061 3413
0.000934 4095
0.001027 2047
0.000024 4095
0.000936 2389
0.000073 4095
0.000928 1196
0.000029 2336
0.000936 1936
0.001075 2179
0.000960 2187
0.001005 2535
0.000987 2636
0.000996 2607
0.001012 2572
0.000988 2606
0.001006 4095
0.001020 3451
0.000029 4095
0.000919 1774
0.000063 4095
0.000951 438
0.000016 4095
0.001000 677
0.000064 4095
0.000928 1709
0.000019 4095
0.001002 727
0.000076 4095
0.000896 116
0.000017 4095
0.000995 1559
0.000057 4095
0.000931 3560
0.000019 4095
0.000990 2486
0.000067 4095
0.000939 2327
0.000025 999
0.000947 78
26.633999 1
0.086000 1
0.208996 2
0.002022 145
7.703981 2
0.195003 76
7.732998 101
0.685012 2
0.002015 270
4.262972 1
0.375004 4
0.065992 1
0.142000 1
0.558023 2
0.002005 56
1.943977 1
0.182003 1
0.106992 1
0.108998 1
0.140016 1
0.245992 1
0.790004 1
0.063995 1
0.354079 52
0.640918 8
0.381004 1
0.088991 1
0.655016 1
0.419992 61
1882.795001 52
0.135014 52
0.135002 52
0.159982 84
0.139994 82
0.430013 82
0.185010 8
0.001486 -1
