0.733837 68
23.220900 1
0.211990 1
0.063997 1
0.113020 1
0.102976 1
0.178021 1
0.540985 1
0.251012 1
0.360006 1
0.269980 1
0.202001 2
0.002028 81
13.028970 1
0.207004 1
0.073990 1
0.128010 1
0.468031 1
0.176997 1
0.334986 1
0.643977 1
0.301007 1
0.673996 1
0.325002 2
0.002030 42
0.001976 99
0.003000 1933
48.981012 1
2.850984 64
1.536004 19
0.142004 19
0.875996 19
0.837006 19
40.747983 19
10.412011 19
1.013996 19
1.115009 19
0.434999 19
1.000027 19
4.848959 19
0.438007 19
0.368995 19
0.734025 19
3.436001 19
0.402981 19
0.118997 19
0.166995 19
0.418001 19
0.296004 19
0.191998 19
0.138018 19
0.171982 19
0.098023 19
0.689976 19
11.592998 19
0.059001 19
0.112997 19
3.525026 19
1.393979 19
0.221020 19
0.294977 19
0.670024 19
0.463022 19
0.122960 19
0.157013 19
0.428980 19
0.807004 35
0.143002 35
0.461994 19
0.202019 19
0.296003 19
52.384992 33
6.464011 19
0.161979 19
0.886003 19
0.833032 19
0.461965 19
0.860999 19
1.078011 19
0.280993 19
2.613995 19
1.437006 19
0.375001 19
0.359012 19
0.752993 19
0.649992 19
1.876025 19
0.102978 19
0.157995 19
11.986999 19
0.620006 19
0.192004 19
1.279995 19
0.211996 19
0.108027 19
0.541976 19
0.408010 19
0.083990 19
0.112990 19
0.537015 19
0.506993 19
0.763000 19
0.151997 19
0.719002 19
0.355005 19
0.205988 19
0.222020 19
0.107989 19
0.660001 19
0.196996 19
0.284998 19
0.217001 19
0.246001 19
11.279004 33
2.397001 16
0.027022 18
1.050974 6
3.220037 5
1.343959 48
0.187002 22
2.081999 19
0.876005 19
9.472005 19
0.526999 19
0.156988 19
0.089000 19
0.428004 19
0.448004 19
0.152994 19
1.556005 19
0.438016 19
0.512001 19
0.284981 19
0.158006 19
0.610013 19
0.447992 19
0.117990 19
0.211994 19
0.300021 19
0.694979 19
0.315017 19
0.196989 19
0.166998 19
0.231007 19
0.536997 19
10.081996 19
0.812020 19
2.542990 19
0.814991 19
1.097994 47
16.236002 19
0.162006 19
0.757996 19
1.196014 19
0.521997 19
0.468008 19
0.624984 19
0.442999 19
1.600009 19
6.753992 19
0.472998 19
15.138003 19
1.265003 19
0.098988 19
0.182035 19
0.368976 19
0.305004 19
0.196988 19
0.138011 19
0.181997 19
0.107995 19
0.591007 19
0.970035 19
0.063986 19
0.112994 19
0.427983 19
0.442999 19
0.291001 19
0.177005 19
1.230996 19
0.571002 19
0.078994 19
0.256011 19
0.205995 19
0.344999 19
0.230995 19
0.202007 19
0.206993 19
0.286013 19
1.899990 19
1.127023 19
1.619979 19
2.934002 19
0.166996 19
0.201998 19
0.185008 19
0.513995 19
0.452998 19
0.182005 19
0.300012 19
0.393990 19
0.444000 19
0.309015 19
0.142968 19
0.581010 19
0.921001 19
0.093006 19
0.201991 19
0.148003 19
0.300004 19
0.206994 19
0.202009 19
0.211004 19
0.255984 19
0.660003 19
3.614003 19
0.226015 19
0.319978 19
2.239998 19
1.826012 19
0.463008 19
0.926008 19
1.131984 19
2.181009 19
0.796978 19
0.517013 47
13.209011 19
0.172002 19
0.274976 19
0.266009 19
0.181994 19
1.325015 19
0.605001 19
0.355335 19
1.141668 19
0.471979 19
0.424000 19
0.930004 19
0.806997 19
0.153005 19
0.803039 19
2.214959 19
0.494000 19
0.623004 19
6.686017 19
0.117979 19
0.197012 19
1.624003 19
0.433974 19
0.196066 19
0.162943 19
0.197019 19
0.092981 19
0.625016 19
0.492984 19
0.068996 19
0.107999 19
0.640009 19
1.269999 19
0.250998 19
0.168012 19
0.442990 19
0.325019 19
0.264989 19
0.127986 19
0.133018 19
0.132982 19
0.207008 19
0.729003 19
0.147011 19
0.148017 19
0.378966 19
0.222000 19
0.250998 19
0.206002 19
0.196994 19
0.280998 19
0.167002 19
0.192007 19
0.664997 35
0.797005 19
1.555996 19
0.143004 19
6.532993 19
0.147003 19
0.591003 19
0.304994 19
0.138000 19
0.271000 19
0.117998 19
0.251011 19
0.009989 19
0.202000 19
0.246023 19
7.910978 35
0.502002 35
0.030017 35
0.033983 35
0.030002 35
0.043997 35
0.019988 35
0.034010 35
0.029999 19
0.033986 35
0.035006 35
0.029000 35
0.035003 35
0.029008 35
0.034994 35
0.033993 35
0.030010 19
0.029013 35
0.035000 35
0.033982 19
0.035018 35
0.033975 35
0.034011 35
0.024996 35
0.030030 35
0.033977 35
0.030015 35
0.033988 35
0.030007 35
0.034008 35
0.034981 35
0.029000 35
0.034000 35
0.030001 35
0.033987 35
0.035012 35
0.035019 35
0.023995 35
0.034992 35
0.034023 35
0.028984 35
0.034985 35
0.028993 35
0.035003 35
0.029001 35
0.034998 35
0.029005 35
0.035004 35
0.033985 35
0.029999 19
0.034015 35
0.040005 19
0.023994 35
0.029997 35
0.039005 19
0.030003 35
0.028998 35
0.221999 33
0.167001 33
0.143002 33
0.158023 19
0.136977 33
0.153008 33
0.148009 19
0.151994 33
0.167992 33
1.408001 16
0.027037 18
1.370957 143
0.970012 104
2.017986 30
0.975024 1
0.191978 1
0.527011 1
0.767999 28
0.001982 200
48.902008 1
0.388999 52
6.030998 1
0.137008 2
0.002022 101
0.002985 1949
25.393008 40
0.394025 1
0.545973 1
0.639993 203
1.817009 1
0.397979 106
1.516003 1
0.409005 4
0.290991 1
0.167008 1
0.117997 1
0.457998 1
0.674003 1
0.122997 1
0.089021 1
0.586003 1
0.658975 1
0.196992 1
1.305010 1
0.138015 1
0.737981 1
0.315017 75
0.551992 1
0.133012 1
0.082991 1
0.162988 1
0.148026 1
0.078054 1
0.216939 2
0.002033 599
0.001995 73
0.792964 1
0.163001 1
0.088013 1
0.178005 1
0.205985 1
0.073989 1
0.127994 1
0.340008 79
0.507002 1
0.117994 1
0.108020 1
0.182993 1
0.146990 1
0.084003 1
0.206995 2
0.002030 129
0.001062 77
13.785904 1
0.143035 1
0.245970 1
0.098003 1
0.123004 1
0.201996 1
0.266011 1
0.206989 1
0.048995 1
0.118009 1
0.207013 1
0.122975 1
0.330012 1
0.235991 2
0.002042 77
0.607971 1
0.128006 1
0.098992 1
0.197008 1
0.152002 1
0.098985 1
0.250994 2
0.002029 192
0.001047 77
0.892926 1
0.162001 1
0.113998 1
0.315003 1
0.221990 1
0.073005 1
0.107999 1
0.168007 1
0.133016 1
0.235987 1
0.221994 90
0.556002 1
0.123001 1
0.102996 1
0.197176 1
0.162847 1
0.077976 1
0.237007 2
0.002021 129
0.001053 88
6.312918 1
0.063996 1
0.113002 1
0.212007 1
0.083995 1
0.211017 1
0.275979 1
0.466997 4
0.242004 1
0.108007 1
0.158014 1
0.181994 1
0.161994 2
0.002040 88
0.519963 1
0.107997 1
0.960000 1
0.256012 1
0.152990 1
0.097999 1
0.186991 2
0.002031 176
0.001049 88
6.790952 1
0.206979 1
0.151985 62
1.714030 1
0.073971 1
0.147011 1
0.088998 69
0.526004 1
0.119020 1
0.584969 4
0.138022 4
0.128018 1
0.452963 1
0.244000 1
0.051998 1
0.133057 1
0.624953 1
0.137997 1
0.275013 1
0.280984 1
0.320008 1
0.319987 1
0.290007 2
0.002021 42
0.001980 99
0.003006 1933
1.376999 64
6.689995 243
4.642006 16
0.826997 18
0.142995 113
1.446998 30
1.610003 1
0.181994 1
0.606017 1
1.615006 28
0.002012 200
11.758973 1
0.861015 106
1.397980 1
0.176997 1
0.068987 1
0.099016 1
0.108015 1
0.142991 1
0.304989 1
0.227024 1
0.461980 1
0.192006 1
0.542011 2
0.002033 42
0.002974 15
0.004035 2017
1.506941 64
1.053015 243
1.463001 16
0.535985 18
0.138007 113
73.961998 7
1.949995 4
0.221006 1
0.974996 1
0.215999 1
0.227005 1
0.368995 1
1.221004 98
21.853014 27
1.048986 1
0.195999 1
0.503024 1
0.776969 28
0.002145 200
6.983862 1
1.121998 106
1.586005 1
0.186986 1
0.064002 1
0.118004 1
0.093018 1
0.127982 1
0.247007 1
0.123002 1
0.235991 1
0.260999 1
0.236007 2
0.002039 42
0.001966 15
0.003004 2017
2.878012 995
1.826974 131
1.028003 243
1.776998 16
0.027037 18
1.750967 113
3.725993 6
6.198003 4
0.192019 1
0.206985 1
0.212000 1
0.384016 1
0.580989 1
1.416995 98
2.570000 1
1.013981 6
8.035020 1
1.111995 64
0.724020 63
5.330978 27
0.916022 1
0.201988 1
0.487001 1
0.733998 28
0.002476 200
18.349515 1
1.664011 106
1.073991 1
0.171998 1
0.113005 1
0.409000 1
0.136990 1
0.188005 1
0.516017 4
0.127986 4
0.247018 1
0.151974 1
0.232004 1
0.261007 67
1.185991 1
0.187008 1
0.148003 1
0.269994 1
0.158010 1
0.122985 1
0.286007 2
0.002021 1582
9.828999 1
0.225987 1
0.074010 1
0.276002 1
1.914984 1
0.269992 1
0.099018 1
0.137992 1
0.610000 1
0.153003 1
0.295015 1
0.344970 1
1.811011 1
0.616000 1
0.753017 1
0.447976 1
1.221020 1
0.294977 1
0.325010 255
32.393009 1
0.196988 1
0.222010 62
90.674990 1
0.202015 1
0.310007 1
0.073977 1
0.097998 1
0.315008 1
0.098998 1
0.241018 1
0.156995 1
0.311014 1
0.186966 1
0.128000 2
0.002024 2054
20.708977 1
0.190999 1
0.098997 1
0.477008 1
0.088996 1
0.123000 1
0.256006 1
0.580999 1
0.580993 1
0.217001 1
0.241021 1
0.245981 1
0.074016 1
0.083000 1
0.167987 1
0.097999 1
0.240997 1
0.148004 83
0.911024 1
0.117977 1
0.093996 1
0.187012 1
0.161990 1
0.079021 1
0.225975 2
0.002024 2403
3.389982 1
0.186997 1
0.094011 1
0.171989 1
0.241013 1
0.212004 1
0.294976 1
0.109005 1
0.097998 1
0.148003 1
0.323010 120
0.499017 1
0.934971 4
0.167999 1
0.147001 1
1.354001 1
0.182013 1
0.137990 1
2.905001 1
0.590997 1
0.008998 1
0.202000 1
0.493008 4
0.141997 4
0.310014 1
0.300985 1
0.102998 1
0.117997 1
0.138025 1
1.062981 1
0.242011 1
0.245983 1
0.211004 1
0.094001 1
0.276010 1
0.166992 1
0.187000 1
0.118003 105
0.501997 1
0.127997 1
0.157996 1
0.261003 1
0.161997 1
0.094002 1
0.236025 2
0.002006 2727
0.002023 103
41.481946 1
0.172020 1
0.092993 1
0.134004 1
1.554988 10
0.821995 332
67.848005 1
0.166993 1
0.606016 1
0.058985 1
0.118022 1
0.235976 1
0.094011 1
0.240992 1
0.586008 1
0.304992 1
0.168010 1
0.132989 2
0.002026 2097
68.115973 10
2.181006 4
0.157994 4
0.162000 4
0.161998 4
0.173011 4
0.173993 4
0.170023 4
0.177996 4
0.171984 4
0.155013 4
0.164987 1
1.663996 1
0.230998 1
0.187005 1
0.240996 1
0.168001 1
0.112999 1
0.163017 1
0.412983 1
0.522009 1
0.153011 1
0.092984 1
0.074000 1
0.148000 2
0.002022 1308
27.565982 107
12.040996 1
0.177998 1
0.127995 1
0.187002 1
0.940029 10
1.924974 332
36.267001 1
0.073990 1
0.108007 1
0.237002 1
0.093000 1
0.294999 1
4.018001 10
0.801995 1
2.900007 10
1.358002 1
0.355001 1
3.140996 4
0.497024 4
0.037975 4
0.031015 4
0.029006 4
0.034978 4
0.029026 4
0.034979 4
0.033993 4
0.037004 4
0.022013 4
0.034999 4
0.029002 4
0.034992 4
0.033999 4
0.030008 4
0.033987 4
0.029994 4
0.034003 4
0.029996 4
0.039023 4
0.034984 4
0.029002 4
0.029994 4
0.029004 4
0.034995 4
0.029001 4
0.034993 4
0.029011 4
0.035004 1
0.172008 1
0.974998 1
0.102988 1
0.166996 1
1.152025 10
0.797993 1
0.156991 10
1.078999 1
2.485993 1
2.525009 2
0.002020 103
1.075979 1
0.610995 1
0.097998 1
0.232002 1
0.128020 1
0.151990 1
1.639997 1
1.352993 1
0.176996 1
0.099008 1
0.103010 1
0.088989 2
0.002032 1311
3.346000 107
5.926977 1
0.097987 1
0.217052 1
2.126942 10
1.821014 1
0.325004 1
0.660007 2
0.002034 1305
2.360964 2
0.196996 2
0.172009 2
4.597984 2
0.225997 2
0.885996 2
3.614007 4
0.472002 1
0.157994 1
0.177004 1
1.073043 1
0.191944 1
0.183012 1
0.279996 1
1.103015 45
0.255987 44
0.202000 43
0.172063 42
0.171928 41
0.192024 40
0.176986 39
0.173005 38
0.197040 37
0.201976 36
0.186973 35
0.226028 33
1.181980 61
0.561002 19
0.468014 19
1.485987 19
0.488004 19
0.476987 19
0.537005 19
1.605009 19
0.389006 19
1.431995 19
0.575991 19
0.408991 19
15.290009 17
0.488011 25
4.465014 39
0.186993 38
0.201983 37
0.192012 36
0.162017 35
0.191971 35
0.181999 35
0.173016 35
0.172971 35
0.156013 35
0.177994 35
0.177017 35
0.172002 35
0.181982 35
0.192012 34
0.214995 33
0.331998 33
6.251999 7
0.527001 6
1.095019 1
0.218984 1
0.231000 1
0.365007 1
1.018986 48
0.428001 22
0.374006 19
48.470991 17
0.027036 18
1.252981 26
0.876987 1
0.211024 1
0.477991 1
0.673982 21
0.002301 152
1.750702 1
0.166992 1
0.099006 1
1.166020 1
1.117995 1
0.230986 1
1.447997 1
0.210997 1
0.286004 1
0.408015 1
0.242006 1
0.240999 1
0.133004 1
0.806973 1
0.428015 1
0.296003 1
0.290004 2
0.002028 314
4.802952 1
1.054023 1
0.363998 1
0.048973 1
0.113006 1
0.330024 1
0.099086 1
0.269890 1
0.891000 1
26.796002 1
0.197016 1
0.142988 1
1.924995 1
0.526002 1
1.132993 1
1.476006 1
6.051000 12
0.792001 1
1.801991 1
0.133009 1
0.172003 1
0.265990 1
0.167006 1
0.197000 1
0.384005 1
1.073999 1
7.231990 15
20.750011 2
0.002045 103
1.779957 1
0.545994 1
0.202001 1
0.216001 1
0.118995 1
0.133008 1
0.108000 1
1.771989 4
0.148007 4
0.151999 4
0.148023 4
0.147984 4
0.146991 4
0.153002 4
0.148021 1
0.471987 1
0.153011 1
0.339980 1
0.069003 1
0.103008 1
0.142989 1
0.079000 1
0.211007 1
0.142994 1
0.197006 1
0.153015 1
0.151971 2
0.002036 1768
0.001066 554
42.585916 1
0.195987 1
0.163001 1
0.920006 4
0.162993 4
0.482007 1
0.094016 1
0.664001 1
0.221970 1
0.143012 1
0.427996 1
0.601023 1
0.274970 1
0.227036 1
0.112975 1
1.393001 1
0.483005 2
0.002014 144
2.537975 1
0.269993 1
0.109006 1
0.403001 1
0.119005 1
0.156994 1
0.222006 1
0.625019 1
0.334980 1
0.251000 1
0.142002 1
5.101001 1
0.383993 146
1.687995 1
0.227022 1
0.118009 1
0.526987 1
0.177003 1
0.142983 1
0.226008 1
0.487000 1
0.310993 1
0.240995 1
0.138007 1
3.405998 1
1.182007 1
0.344004 1
0.359994 148
66.007000 1
0.176990 1
0.103006 62
3.382000 1
0.181995 1
0.133017 1
0.546992 1
0.359058 1
0.102940 1
0.118002 1
0.124016 1
0.151985 69
1.054000 1
0.166993 1
0.094000 1
0.231007 1
0.443003 1
0.127995 1
0.335017 1
0.107981 1
0.127999 1
0.251001 1
0.079028 1
0.353970 1
0.222021 84
0.752990 1
0.122991 1
0.084002 1
0.215992 1
0.143004 1
0.109010 1
0.353992 2
0.002022 158
0.672992 1
0.087984 1
0.084005 1
0.187003 1
0.146989 1
0.079000 1
0.227010 2
0.002022 408
3.763973 1
0.186999 1
0.127992 1
0.576017 1
0.156989 1
0.202000 69
0.532005 1
0.122995 1
0.079014 1
0.187034 1
0.132964 1
0.112995 1
0.221000 2
0.002021 1078
65.985975 1
0.235998 1
0.152004 62
1.629997 1
0.215998 1
0.084017 62
1.451987 1
0.074004 1
0.142997 1
0.079015 69
0.565984 1
0.098005 1
0.168016 1
0.648976 4
0.222013 1
0.137989 1
0.187013 1
1.594988 1
0.084015 1
0.117982 1
0.241021 1
0.158002 1
0.643982 1
0.103995 1
0.186997 1
0.123019 1
0.230981 1
0.187005 1
0.109024 2
0.002020 1199
1.144955 36
0.944994 1
0.428008 1
0.132997 1
0.424001 1
0.083010 1
0.122992 1
0.369996 1
0.083002 1
0.216998 1
0.202022 439
5.829049 21
0.343931 1
0.423041 1
0.541962 111
0.880993 1
0.074001 1
0.098004 1
0.055010 1
0.191982 1
0.871005 1
0.074008 1
0.102991 1
0.207001 1
0.098008 1
0.252017 1
0.496985 1
0.230998 1
0.206997 1
0.132999 1
0.187021 1
0.215971 1
0.552021 4
2.953985 2
0.002025 777
2.104976 36
1.137007 1
0.836996 1
0.215996 1
0.296019 1
0.088001 1
0.098989 1
0.299988 1
0.088998 1
0.256021 1
0.162000 607
19.760989 79
0.156995 78
0.163013 187
0.166999 79
5.150000 1
0.274988 1
5.095002 22
0.478009 1
0.492989 1
0.718008 111
11.849993 1
0.087999 1
0.191997 1
0.491998 1
0.064003 1
0.104015 1
0.235995 1
0.089000 1
0.466992 1
0.104000 1
0.172000 1
0.217002 1
0.139005 1
0.146029 1
0.184966 2
0.002024 777
1.250976 36
0.699051 1
0.466948 1
0.162993 1
0.463009 1
0.067997 1
0.109013 1
0.624987 1
0.093999 1
0.202000 1
0.142002 607
4.889006 8
2.696988 2
4.672004 51
0.002025 25
9.159983 37
0.737999 1
0.408994 1
0.664002 111
1.212005 1
0.058992 1
0.137005 1
0.094007 69
3.110992 1
0.104015 1
0.118001 1
0.274980 1
0.285999 1
0.108026 1
0.250981 2
0.002029 69
0.001039 747
3.748940 1
0.048981 1
0.182015 1
0.093996 69
3.607999 1
0.112998 1
0.138004 1
0.290992 1
0.669018 1
0.182008 1
0.147997 1
0.664989 4
0.146993 4
0.163001 4
0.136998 4
0.143015 4
0.137979 4
0.148005 4
0.123004 1
0.320017 1
0.186981 1
0.053986 1
0.404020 1
0.112990 1
0.106000 1
0.214007 1
0.158042 67
0.781959 1
0.122993 1
0.099008 1
0.225992 1
0.132991 1
0.103003 1
0.330004 2
0.002024 4095
0.007016 2919
0.000031 4095
0.000968 588
